55310
223930
94754
240603
32459
257468
240900
257325
36051
120557
204434
257981
95356
142518
4123
223606
237613
131788
136812
191852
106518
78453
100136
130341
82442
12447
232158
244886
30499
187568
29040
22087
54521
184223
77599
156747
156950
101941
2024
67646
225763
81626
131060
119817
60878
58757
22510
62075
114667
120384
11028
48000
53221
113340
84152
171455
39424
124120
143100
183105
77353
237693
58165
42563
13742
68377
81800
168292
50588
118222
83780
66531
254616
65902
152666
134986
25036
152230
189179
206108
38698
231686
14030
94120
235764
121116
25621
162086
229978
112147
147718
202392
221270
49405
106306
58158
214426
236652
170387
15600
199499
234662
213568
145014
99089
256466
69212
64421
155517
48095
180332
11911
131209
181963
227685
202928
250084
198977
239218
5070
44415
38656
205879
109651
123607
148355
154796
137375
155933
246136
226062
87163
95939
142094
226175
51769
134762
238714
133853
252460
175409
173789
36240
152985
11375
98582
141539
152532
176029
254452
95389
37622
252539
191604
121935
30439
207850
211759
197305
6914
150466
223096
21202
218240
207869
171457
241467
15575
132188
78012
154731
67374
91095
85174
76732
45095
8073
31876
110399
144995
198650
302
109274
210036
113464
131887
61849
80987
189522
55765
107201
211317
144579
77670
5216
211850
95249
27651
104522
246318
66363
144377
161140
136069
10377
234040
4258
122338
221909
93024
72649
229448
258010
174830
247661
54703
50872
205087
135698
27210
112254
67019
118628
168412
228081
44691
130734
51386
205085
25910
54948
195953
106588
93914
139939
16948
37655
5489
106117
12311
57672
72051
126675
165829
195738
85179
232026
253266
78091
24937
30949
238708
203134
162683
228792
220057
96464
135477
49680
175424
165836
212519
126871
240557
19165
236401
109610
103983
61166
85916
56521
121384
240299
97988
143006
135851
138458
67175
21872
181459
236310
201811
8287
201166
131368
88476
120621
96613
131421
112185
130463
10034
166650
102672
141911
186931
179462
242008
83330
135060
231087
182454
134084
209399
87660
230450
227949
212183
101267
41497
113686
239643
252666
73392
186264
214514
85832
108915
130578
192391
198196
117130
195783
37189
26860
94159
140848
103782
175639
13565
134579
103937
122537
245862
85618
112422
213581
86042
81801
140047
27066
239254
144520
133587
240458
172934
31797
198805
124771
139082
156948
150923
136846
255819
7980
45399
40053
97885
254809
106083
200557
118114
229620
67041
106852
50156
42133
64648
225761
59969
4210
186178
150026
159312
544
199087
97725
230927
7452
152614
8689
202940
193250
29724
234161
254211
250921
42608
115397
257571
54077
104376
222971
206185
211740
20265
77371
90676
47442
33263
44360
39362
145783
106936
144193
86485
202062
449
206382
218266
44771
246242
56677
172608
210305
162339
96406
150875
52338
118483
98498
191498
122477
13944
178465
146600
82368
171707
91838
22201
171530
188427
108935
190616
221961
241501
44279
49437
33674
19448
222536
139962
45832
96380
242027
91399
11569
2455
195781
15313
3251
54905
214815
107672
37826
255032
168447
210746
201806
105161
251653
8287
256942
117191
101101
89130
109935
90824
181518
88580
54508
143866
172197
137343
76558
138030
251907
200553
73321
117844
81693
228823
91948
157224
114814
230705
6795
166353
147475
235442
252885
22658
225417
15909
165754
112588
6511
185911
198771
125808
113414
68531
141460
195798
9636
203518
198250
8439
33996
228306
247235
85966
180968
57
165021
72334
61524
31201
171878
77381
17620
9478
169025
217039
52295
227510
142208
36052
86727
159630
87699
86786
247299
76086
231330
108558
23813
114973
35894
8210
190631
66306
166633
32616
138140
90766
135634
118542
14675
192745
130832
186084
111736
179119
225421
222749
152649
228733
209748
146367
146398
181725
42686
227042
146911
243165
21565
128412
140288
82068
60286
65405
84821
91596
197482
197493
171578
134511
6200
1811
45238
122401
150235
43916
105200
96127
121442
316
138529
169941
16917
241398
58198
114220
180098
19947
826
113190
239434
101229
60692
254231
69192
91617
181152
140917
218801
211135
17974
181687
207569
222840
109593
83730
84214
106563
75510
29857
231906
46734
17356
115348
143931
3756
69904
45321
216531
27537
69210
190387
198698
54199
42448
84371
3826
56469
173687
162584
65673
148773
157025
195904
164338
173539
214550
203654
199887
67017
217195
60116
21681
218595
33206
6468
109151
200694
57331
10325
25114
157487
32612
185286
64073
74794
189545
4729
180720
85419
90654
49038
126510
147689
56805
95434
236350
109403
27184
32118
3157
167564
131820
134448
216321
23001
106780
41136
82784
242157
61409
136440
86813
72880
252135
12227
47803
63161
191720
168165
38188
87524
62597
13812
219488
109846
166364
32584
142664
207843
54749
29060
13377
65446
222310
93681
61318
195223
222690
188666
76749
59530
216767
164547
141059
11792
105318
64231
206023
136213
3907
204958
229922
221729
82716
233106
31967
213792
88816
27404
177261
124906
60542
249639
224674
5822
181805
145803
102747
110721
166660
81246
150570
23405
177231
55870
229359
53752
252589
152675
162563
126387
46707
28689
98920
76858
197680
167143
115841
127372
125711
240997
35522
149513
204457
21829
25853
173271
81990
68496
238172
181805
223037
60099
173590
98753
252634
70799
223148
225321
73515
220476
231259
94038
225185
38084
204465
150072
53793
61842
98945
98599
54055
34481
211769
54143
98776
246989
136800
137205
130253
195145
234086
41545
129600
143621
217538
93531
110410
152692
214942
92710
112482
167735
43947
62377
5875
97335
73511
212420
188850
66250
33147
98244
91509
232454
93761
212620
186456
148301
144012
181834
149032
241690
71810
159337
198384
45029
195130
223413
94717
17864
204768
117401
101107
80432
986
198157
130769
234133
106006
212655
244911
183038
61877
46493
60378
141701
220799
122431
244180
73092
183930
170148
251419
179365
104452
204169
257284
252365
190378
232428
184385
24821
22982
25630
67256
213545
146212
249807
63969
81769
18333
136737
92964
81439
89528
86615
33312
139479
240190
203754
162821
96130
155380
123237
53270
168225
1239
252326
89817
246742
113170
176868
4359
88993
177641
209549
190909
196586
250790
63100
60721
226734
141861
174997
193106
17977
252359
70494
73426
243905
74929
67728
89757
206337
236580
164566
210222
239944
6573
170706
63356
247323
138379
8031
195783
64754
53932
16865
229148
236619
88097
151859
45879
96807
168080
102222
85820
6855
6227
224293
205093
82160
136933
53284
195272
12293
106401
27881
114015
18526
174612
165778
170711
205553
160880
86346
99518
184005
117068
80625
184943
22806
122136
90371
123695
169530
48563
211179
144087
52923
105021
5477
69881
22260
73363
57310
234032
48088
156574
241656
226667
6207
214409
34864
73535
257813
190697
226231
31541
11397
87094
41134
166732
135110
197013
58150
125062
158420
234496
27966
164726
161753
248659
146552
185314
70543
112371
88742
163723
70335
113947
52050
176284
20296
74089
38654
149921
91874
41500
158590
165189
202746
115296
211456
246331
231201
170722
248719
81284
40980
88597
142768
177717
89233
157616
173792
257025
105032
149377
48815
105991
6137
96268
63123
33542
115637
99384
114842
183318
69299
200732
48429
149997
22553
85354
72050
230757
220288
109706
43954
203763
128662
94651
82031
142744
69491
97407
50605
234852
95740
201891
47748
179104
122032
124329
18440
59794
95845
88919
91714
237197
106027
84063
213974
38281
65165
154327
136204
21756
204510
254841
84646
124751
157278
51263
49513
241015
65029
4214
103763
228401
87206
191375
6012
120065
125737
209665
167847
119970
251260
226174
256516
5121
202748
93536
169446
245569
120810
156182
222966
164768
40757
90842
22918
33347
25228
54953
148990
48147
56775
257422
8588
107506
83101
177510
107889
224564
173954
133495
196078
235204
197999
10899
70345
203289
110498
69768
188466
193146
128000
163739
68339
130508
174989
194572
10947
247523
187077
25697
191212
135315
100203
77571
25443
214444
20081
187726
183121
247769
185233
96606
58861
157315
14440
241963
169066
113229
208448
20112
44548
175922
102043
126202
148251
223284
4142
37183
223030
68876
168293
212555
18428
171502
105369
27491
2266
149188
128255
188662
64732
162875
235287
104915
91445
87056
46710
120576
79945
238588
113258
4488
85086
7313
5042
62839
151397
41059
251530
27991
254069
70014
135625
205864
76170
10191
174887
37173
123751
174425
247246
200432
219108
67264
135977
229476
54255
146828
176352
75838
230703
183113
112857
76218
42244
161297
95558
233910
114754
201264
213819
170281
152340
51310
189682
208187
158010
29140
85988
135959
196867
107606
5221
154966
153136
160998
160975
147426
61245
222381
149783
109915
197577
118440
91914
139529
186142
145047
104760
115194
226709
182414
46602
235697
13135
67186
63353
216955
115979
48315
160748
134504
122132
178450
21767
173921
156180
105999
84606
218372
180647
29532
177886
569
238589
85817
4119
82774
91054
76251
156441
199927
42644
152791
12702
146786
241065
124329
155272
244823
198953
150919
204152
72522
110206
176881
171657
256988
149428
27468
20829
197908
223283
220979
55646
46297
240698
235330
114299
215009
179370
130787
144801
204791
169716
137347
39571
249479
184773
232053
255548
103218
103071
22721
148726
11634
146416
32032
66094
120420
42109
234866
245038
60297
225147
158187
243681
215084
118012
154619
81114
82471
228247
64825
117665
164985
157319
149564
31151
115370
37318
31555
15756
26225
126624
151399
10229
66945
73574
140430
87371
108324
155285
169403
177464
22463
187408
45243
228273
152691
204489
27725
93836
137557
179572
179260
140407
257684
14866
76997
200292
183143
53487
224405
133053
88753
150749
164088
196079
107738
243179
235185
101787
163057
251546
71923
35007
59525
231090
106214
83671
18849
183055
55666
93677
154654
51978
17333
76495
17136
151783
159187
230476
231720
23129
202019
115101
186366
106066
163035
19271
258141
106748
194703
141458
16313
44133
106558
215470
208107
217255
169821
104662
99549
83067
143960
75917
95885
170367
78936
190194
211481
207232
8641
50362
17993
202760
69114
196269
50166
24215
193694
196764
30652
256127
227025
146785
44855
126158
212610
177109
191417
202203
228202
246599
92021
255586
31152
69032
203531
30329
135982
226627
55401
14625
86856
117967
69173
199335
8091
82135
63039
176705
243377
75964
145086
31065
144738
127299
67266
53650
82087
167510
173496
50774
54172
202701
24846
158374
198177
137183
105204
232906
72990
15957
253547
161724
6160
133386
145364
72299
89163
121380
216731
128068
222124
96077
214513
208014
101879
185775
100833
28349
60764
113674
210340
202321
255714
38322
132562
152917
102547
123721
78873
183303
6962
219466
200557
56312
88214
160693
5513
127997
183168
54479
68705
137862
110687
219470
62253
162332
33899
2627
97839
212142
139297
18143
251157
138662
74208
252884
242940
210747
87628
32037
95452
86273
234683
238451
1270
131716
221140
57152
1023
97956
22379
186293
188926
71915
91411
75643
216438
70874
217295
111108
93607
12811
13407
221783
7598
122399
177484
146658
48723
86324
74322
89594
241281
192564
101067
75428
54157
133037
173782
14143
254680
71862
67807
1854
150598
248615
170996
91499
18416
58151
235249
67166
123452
135187
105861
93682
152400
123986
12434
13605
61599
118820
60083
83692
242474
107264
155608
235605
125324
233125
120718
51284
220317
180180
146112
249141
178789
48943
232017
120993
131002
182725
88607
87576
209513
79638
228929
237442
227642
82060
73938
293
180267
89299
139952
141011
204153
204553
240293
179195
119080
253468
69682
127855
15715
32476
233228
197996
42798
200662
31072
180183
10302
57185
55580
96731
214232
243081
182932
207973
2868
250890
176540
162415
57214
233506
25045
7545
188415
95317
96812
252145
129993
115749
232043
250830
29591
238488
212666
87319
107134
154448
180440
176174
2382
34116
248873
78245
77776
227168
14295
175686
36586
219835
153422
136420
257189
118799
77072
43999
235483
124232
10065
76050
24442
70181
62286
18071
190375
156645
74710
85219
200685
34496
127651
3347
141455
239422
117964
130883
162345
168584
217943
52673
187566
249931
144286
99146
143467
164083
212240
51421
29394
61334
258276
117065
158891
190629
33393
104951
195015
246314
172629
153872
57422
68858
249203
241134
82799
143635
219257
200290
113167
190387
7484
247580
256709
250528
75750
252580
101789
121296
169306
85770
54575
193122
209510
39003
178357
158785
77081
8132
166899
108722
183677
76116
56021
19261
1831
47147
6836
26501
196591
219762
255475
52230
69716
59635
209431
176647
185768
14846
53344
24896
199257
21653
156969
65530
176609
81187
51083
186223
241531
30491
95272
222129
234042
165541
64969
15642
89591
218703
216809
135350
249362
157796
170685
176226
87022
87654
229285
49842
134720
192217
132843
4485
66546
221406
13067
127653
55774
142960
172252
14466
257319
100478
177676
165188
93520
193141
171134
64825
209881
150171
13528
205889
213062
198865
222159
22846
102498
234982
30155
97807
156216
189766
105340
72042
105956
219378
162663
140836
70513
150735
109119
124830
132554
152975
42779
57805
205860
245267
43452
128109
48370
241253
249332
152472
232374
91602
38229
6049
40724
224190
197901
28489
69716
61942
25885
125938
241330
20543
242557
209193
75838
11982
102353
26140
104564
123549
94545
125321
171895
173646
253892
59502
207907
22638
72561
77980
147027
196380
78662
137813
19136
145666
82478
242452
11543
272
18475
84816
228740
53184
89059
49055
39999
144269
56592
222208
247744
248571
32579
8878
206759
238354
204214
248067
228591
110603
119425
246527
49496
74652
136202
158608
222032
29666
218685
31020
58501
196448
86192
58471
181603
42823
15147
90455
72551
107286
103554
60933
53670
161746
20526
182447
179657
88345
204213
222934
61992
187028
25122
134119
166000
138686
123648
7948
36322
223494
102710
256050
137368
225360
69252
241927
186211
16991
145359
99205
69408
41896
8460
174155
15933
94924
117900
179818
169054
201316
4551
122587
209775
138903
29907
33331
228760
83530
246041
229407
719
218278
248008
87672
206234
115000
147111
56915
16557
33487
22601
90647
15282
119367
56779
11631
57491
174425
66811
99520
164674
60189
148423
163452
154237
10347
227888
180188
239937
54978
40831
19074
120146
130013
212381
196314
139340
172153
247906
78802
166542
53942
131413
107682
64876
91925
5281
156157
98629
198547
15721
170387
81944
191349
135140
102189
4192
1206
227899
137417
120741
25924
219025
108032
249932
36580
62186
200513
78059
29137
25688
36924
163590
93908
75078
134708
136736
129756
161853
31726
183124
148905
164190
42323
34148
42680
16360
33141
158699
189764
222980
214434
99916
92231
171045
47844
104865
225406
101920
103820
58202
154856
63290
171869
64104
124769
72445
87935
237926
62824
92676
239076
213249
242223
67053
54823
144258
6318
108976
54366
31952
243004
42666
13196
207286
15676
171479
133252
230720
115294
41724
136391
92173
99969
217606
258296
226749
215658
57019
59252
202721
219996
108278
80686
39998
112822
17183
159844
150897
209527
122011
147208
159363
100115
110795
57229
64190
208664
131403
141855
161547
8489
55656
91347
250934
224033
106696
198864
154821
40717
35451
138461
114653
213104
11547
48393
137154
132570
145803
200806
59037
215291
43675
215499
9225
138593
228638
57559
256257
124755
206324
105469
228480
43598
180438
218152
244640
49362
190752
162672
231070
160773
73580
184924
109425
109147
166253
92307
94621
181205
237057
248646
163201
236934
129337
138806
122941
4501
46883
124310
233755
122273
99517
138854
193482
188287
138150
45243
3856
196045
60475
206618
160107
191832
239843
13299
253753
192007
78037
154191
169712
168586
198051
47458
64128
111821
98126
241494
112350
20351
236998
148848
7007
164673
37806
199270
36605
53610
222005
35591
168640
237839
58485
25830
108618
207475
163338
80843
184338
144481
39102
123044
67856
32168
147460
32807
85028
200609
22462
30290
176965
148602
90804
212847
85268
1224
234775
10770
182280
160776
165622
232159
212408
105724
165892
23375
177878
108393
154788
146621
46185
52343
243947
148555
223181
221295
245513
52685
148144
12929
209276
218182
13859
109979
122527
221331
230864
196176
230739
216465
35527
256744
19374
224542
122300
13991
234212
70918
144377
186272
58591
53458
48132
70336
126863
170124
122641
244583
612
223618
57159
2787
198816
220027
3317
219287
19308
84396
170255
56756
40707
227108
21553
246636
108123
194668
244766
225384
77010
84481
133633
167531
250959
27874
14669
227208
474
161538
183057
180833
38378
103857
49329
176585
15896
189459
168568
90215
43981
249877
141418
63376
55779
195908
58735
201398
35378
99023
240305
5307
17005
256861
68700
233170
108524
164671
147607
197589
126437
227059
7663
171421
63771
143142
185869
137690
243775
118844
108071
90439
43238
69370
149111
25984
199077
4725
30399
135581
161660
5372
95718
131548
164513
7638
162891
202516
248798
142763
136436
57268
234261
125186
69243
68687
176206
142160
198211
77114
96990
12194
215984
169841
179529
144928
145344
204839
104557
172720
140952
209302
119733
16681
186744
2723
148451
249459
166813
224560
196022
64073
151538
149023
254452
144500
224609
212302
209733
25183
131564
27419
71017
74393
25401
16234
104175
125910
212512
192062
147177
202012
254337
187864
45633
228586
23181
91508
77514
196385
198557
189021
214210
10676
201065
253813
230091
218650
75892
189830
14079
194067
150196
249903
43749
20077
113689
168337
17499
158688
112283
139581
227522
142891
30497
95181
18011
63711
74068
214204
27798
202458
119000
174650
44783
185690
142821
74718
147726
115227
228142
102996
60287
116064
12763
213221
55430
236125
100137
94992
133540
222836
86737
137518
5541
136804
23475
50790
84971
120739
74578
113593
26490
47753
9153
118635
94512
205931
211226
111961
195557
235105
243050
205409
247427
226856
120572
112120
107057
233977
204486
86185
199042
161669
251045
199856
101086
95548
47787
14978
205514
144829
132963
145892
190807
88075
193779
224168
233283
65752
157330
90616
45053
120139
24437
176134
79796
91017
14792
72835
186285
102210
204113
163472
7915
185526
87383
166761
182655
133471
194512
168302
189043
11250
171334
46794
214883
97423
124128
192596
60782
254472
7858
210413
16685
70689
90409
148855
151174
88245
26181
94193
18780
17399
11897
76994
189474
227597
121354
54840
246292
167223
66645
198638
190110
218598
3614
233119
79827
142657
136300
36870
182862
229976
60471
236588
105090
107077
38086
87538
614
63226
49420
124718
26980
124775
112220
21506
254394
12514
88873
216119
66814
255362
108615
200135
183891
53496
115202
113042
17543
44516
5814
230661
196682
193891
190718
190722
145704
104042
213065
219282
164201
28775
174449
81609
191810
189542
204312
28841
99957
213994
160932
63907
100912
210453
97363
167062
35101
201884
18736
163441
157009
25107
167791
81098
88572
62324
66059
93475
147994
237780
158203
218088
129756
230705
72146
210971
68420
74405
106458
172131
215691
246405
93640
25313
145821
144588
250690
183040
17381
56676
11641
126410
136123
110300
229142
123432
228907
226484
10350
208609
40479
23210
253856
72303
138521
167235
206981
78841
241213
208863
209043
41610
144288
127389
97404
70664
41613
8899
238028
134437
61230
163662
235279
206262
104671
74185
10015
199680
234175
253642
21490
192690
27215
179713
25466
100878
223751
101853
258089
66305
216316
101268
95989
103192
230218
118606
241894
6497
5820
84796
79373
12702
149131
104392
68507
67629
114629
163631
138510
144050
195041
132100
148160
226862
220516
90989
182347
21515
183886
149663
45115
166380
24587
79041
40506
125493
236392
126861
240964
87489
79763
248515
48000
214890
164354
114994
185692
62884
120848
99269
177938
47440
179297
26062
194546
180462
90503
71231
191019
76576
191163
2227
41984
11230
143605
61789
181405
208557
126174
105168
85127
223476
138638
257842
199399
189225
209319
13195
14210
165178
42119
175492
192011
18307
92148
89774
180139
90498
186083
226006
169941
107774
240920
191569
31828
229339
168978
157044
90935
71931
217070
39768
98988
15234
197022
41336
52005
255403
186833
216966
6398
239515
202682
230104
98186
212529
241193
170667
157979
179771
51983
94505
104508
243776
184302
175616
79059
204044
253558
254911
252123
4661
221185
200665
232464
37730
124426
205268
45884
180603
153043
252446
117094
82273
202699
80358
71984
218341
117874
70713
3014
30963
235030
173065
257748
146599
232549
131357
159957
196779
97351
51549
116281
191070
251979
121839
197937
61065
114613
8742
250139
11009
51978
35570
107635
218953
144732
214171
15575
134336
248903
59888
109621
45528
193431
137377
73877
5159
77232
174785
228805
26715
153278
781
205475
147780
204357
40215
194135
43861
121594
35037
41237
9719
20737
207596
132149
215605
123438
95780
126893
99434
72712
192669
28144
23543
180425
1335
169877
116935
157276
252135
2908
8038
31221
71397
121449
201447
183895
254260
45266
231292
145226
123205
68468
43657
63212
126021
200245
92503
139568
95987
144037
172911
57120
244201
1013
62437
101001
68166
245479
162836
116556
31810
235732
111859
39214
4858
158420
122855
202911
135382
25635
74782
243084
214438
58185
28370
7313
34569
71305
183277
29821
98526
166070
41658
16749
79595
248215
47973
177271
191638
73876
96449
56573
240415
231229
232120
139308
196513
115749
119052
203703
160193
138833
145658
193462
83045
246196
128378
137602
26004
154378
242857
60370
47840
80171
242164
255939
206670
92192
2133
119768
241104
150721
8689
121615
257811
138930
168908
80676
15899
227242
160322
112367
192350
234399
38133
255980
54634
3435
94997
109709
69246
61881
49573
213599
170108
204268
114336
40079
51529
231090
74338
39155
75230
249647
60264
167179
97
117133
208454
104997
167308
170367
209105
233696
98894
16251
243361
247324
197570
113342
85122
39181
185696
137100
196434
122499
161940
94156
140381
37936
13679
168492
16453
176547
143050
8295
47431
103280
149406
184081
118517
120289
126109
97472
234043
3527
9575
123059
216826
163332
158105
182031
203783
150818
24226
9448
67181
248150
32234
48585
52238
181773
254348
240872
186381
196984
233462
123071
230673
5966
132383
83487
89890
4357
254011
7751
82490
59043
205552
742
243939
17055
118529
91219
102550
182482
245837
216978
38283
191188
196767
241774
129686
201082
82460
59493
104206
67335
140137
196326
4592
157635
40044
115757
57637
81376
39017
214120
105760
71087
160999
236512
150265
150505
105685
143574
249990
169921
246081
42025
77078
208404
76173
8098
126264
101009
81057
170236
157126
233026
167432
58169
59322
171067
241475
126311
187926
29298
110584
125559
44324
137549
160095
50312
193391
244908
251595
174291
48142
84846
45976
71615
32371
31773
215893
8709
16191
56825
72626
39222
104582
251685
228797
185822
105335
237953
51538
190859
128654
204388
12058
187213
9614
143561
111234
75919
30111
197535
28117
41135
196691
219402
144677
40917
107161
56186
27182
253812
227581
202285
187273
100464
30527
58761
213016
211583
218770
237874
239524
239024
257650
250936
148884
56182
188584
4392
41507
78091
219874
104597
257295
138055
153221
227144
28740
221128
83365
146565
24967
218949
28593
52151
255106
3078
253959
88015
144243
37665
24529
21927
188072
142910
115001
107025
97363
201427
247042
240509
250449
202769
137951
5820
219348
28895
96028
152159
120167
228973
145725
103305
88499
221745
150553
30278
56320
53702
177967
229938
245945
230391
33969
186864
65808
225158
54440
142284
183072
64766
199361
50254
102402
206294
144226
254413
29523
65821
189805
8098
81845
153706
58271
236135
45967
129195
237299
64808
173197
170236
226497
13138
148792
243973
215306
173994
101421
150878
27455
14929
141959
245461
214388
242444
227960
181009
169073
38906
170325
126480
41064
253467
110090
19975
186120
100824
125935
83684
129825
182097
109169
45815
223104
30197
140968
22369
151137
254340
94839
54548
136840
7549
254833
248020
224137
75500
162856
140868
53348
194636
82717
36104
239362
207965
238202
69985
175036
173415
140508
253487
12220
179599
139884
47946
239724
3126
146707
71463
156731
248958
215397
24301
82338
154299
86236
79266
84214
199414
110518
57058
116651
142790
164515
65225
9259
17453
39329
139428
130620
101609
225496
203329
147267
109133
123590
15088
254633
34184
54286
13796
154000
80447
54278
187456
243081
152468
95577
75611
191585
255899
139276
117414
42306
184390
37974
164674
17260
148643
21626
57669
12790
106356
47777
64015
76084
105166
24547
135175
184066
173562
47742
135305
21381
109953
231025
143853
253905
208443
201720
97537
200623
202073
179700
13912
165639
1081
48475
250342
51580
238786
109264
22940
253634
197402
68030
91244
179706
58663
150905
149948
198432
145176
11003
99088
22442
257182
104563
124301
197747
242141
10991
94471
130476
162994
29034
13421
186889
150689
78976
4987
255299
118504
184311
212044
253082
235794
98652
148564
242383
26579
219352
163432
160623
49390
20669
41420
217350
144800
40371
133722
115677
31273
251700
118570
173267
81423
89282
187806
129348
27014
176097
201147
98867
69124
238571
13423
8398
135566
173678
249836
189680
200331
22836
11271
152731
126471
170669
17541
173750
58262
183532
115669
41952
109377
199735
24147
89158
16979
58725
50356
70946
83076
135094
105418
244506
10499
28868
151100
43768
7102
19534
123327
142113
223671
50816
143739
191712
206025
185506
37743
120881
251680
162225
137448
220
175761
39048
45923
137753
151216
186062
170079
61567
255483
58590
179866
221492
213083
199595
132501
81686
175839
23116
34588
244554
200699
225709
3474
236181
13681
221086
87072
28094
74222
107941
55719
76865
64748
8168
11763
199924
24324
100952
2860
200540
222291
32863
237612
246335
213149
125592
41762
193100
46758
186128
38261
183331
184761
12747
216155
39005
6922
32617
100899
160958
79273
17882
144540
76735
83962
230226
20
115330
195311
77307
181860
113314
126302
240839
58571
27121
192349
185249
36206
99139
143416
95830
4784
94049
62323
50263
232909
45894
47844
205429
10868
206277
62469
59072
84917
27272
76347
66182
129279
128350
125386
251004
5180
47399
41382
118297
130003
162414
23627
188195
20628
180431
253505
114966
68712
38897
57109
181308
110298
50404
69669
187089
165475
20380
114194
84915
204292
176184
99358
101704
145345
29784
127139
47782
213917
34704
237038
54802
75728
221967
77243
196502
79454
234834
231670
107429
249243
27527
115762
202000
116476
65731
183996
30364
250074
52065
150380
33158
232870
4565
256982
197881
22499
161051
73013
16312
130225
202348
44514
64175
99095
248715
200367
196172
139332
138486
241935
244750
155122
246046
136905
236948
233229
174573
152033
165886
79794
179700
30945
248814
54577
121601
217489
70079
244047
12529
12129
226811
248165
131790
195045
213712
221364
247471
178638
36100
6748
8353
120841
171674
56513
66305
21189
184817
114923
21710
76241
21070
76145
222794
111014
83124
89971
222810
11614
158774
149625
127156
117511
139982
196647
185816
246381
204957
171148
2891
99071
109761
139119
170601
199138
62755
117531
24412
27193
21344
185960
11545
6028
82532
69727
20472
53960
59920
103747
85772
168211
2136
239973
87944
219866
75662
150487
253051
42166
177402
83490
54213
124621
114190
119591
26339
87032
120572
107752
95920
21844
107516
109953
62761
35339
37113
162236
132237
100317
204330
80110
19305
98794
15540
28551
164047
209073
193248
132150
70512
117380
138254
199397
12466
123264
98370
76114
29036
44041
118239
69849
213869
237704
211131
218672
16332
167310
71961
170737
141297
186089
56045
195143
46850
180843
230827
62093
34878
27411
184801
108451
201047
216012
163320
23638
77609
160961
13909
226078
253730
4458
123438
66397
247249
6449
138088
195935
65532
237101
184765
91484
46618
80310
177434
160536
190493
243996
198525
58117
4126
175306
66581
13235
203609
65089
9258
136910
16624
51660
75067
33807
218911
172404
145425
93507
163727
4686
6338
42881
191
185422
246475
126167
93597
196339
247406
70401
208144
47393
209431
163587
53735
107856
88756
34266
36634
118013
88875
17604
18367
104269
63269
80722
162954
11855
151431
84455
66997
62081
150338
209869
153331
236755
119407
9692
256109
121876
13714
22500
8075
34773
240366
235833
35822
225763
193554
192949
42646
4967
68026
175805
33703
10753
157982
189492
46575
63705
382
21768
108043
255795
94691
113433
156598
11123
224683
247751
254218
216406
204792
240113
32142
163461
18313
136240
87979
217671
74693
58858
190653
217140
140043
84989
158009
212602
101974
129283
228294
61465
127041
183030
131555
19839
84854
17583
79595
82860
30695
16355
46059
55620
32162
183622
200445
25948
159437
68766
143023
54111
87648
67880
104334
254239
109166
201732
220855
50916
23122
48130
224072
26660
55041
238712
109118
193513
148507
191670
88162
152671
3513
44235
82702
161630
249487
75389
225300
124180
236208
159788
40720
51495
206109
72613
256075
6816
258124
135283
131941
184064
34576
242210
19861
22714
37603
93682
258075
42029
17520
97875
202071
46854
195627
71485
27851
66195
142036
96304
92669
151904
254562
190369
116519
235058
98950
69686
2002
122733
220445
29612
245497
105009
181493
238053
33954
10182
136593
159177
207312
133327
29224
57122
135473
207968
19388
61757
27752
198257
34776
88450
232501
100769
158128
82149
192145
208115
492
42183
111068
131587
247112
56995
124891
1998
41832
184243
191907
83808
252899
55281
163516
107044
120935
27633
182046
212533
241961
141348
109857
20150
155740
31308
158472
75733
111902
191400
119373
13760
43089
169706
175000
196134
97525
87525
189444
191716
203287
149665
211146
55307
237741
185214
66072
150769
149741
84441
209042
138656
160420
164981
21780
79022
20296
105533
231676
74056
141437
199630
102670
180569
251292
230341
199602
202138
204067
147084
98079
160872
69779
101601
204917
85564
108255
31084
99854
112461
69100
9205
96120
151325
163944
223790
107925
218829
182755
18742
161137
62506
32120
109777
26303
207038
62812
180668
93436
233662
91199
4328
217191
127725
162318
106265
74698
117453
189742
104895
47749
157613
257230
222001
188267
28785
172141
213890
104842
216021
84047
39351
204330
174910
203800
197063
88871
37491
213148
175143
227488
108778
134952
62058
158327
82300
13703
248253
47749
17120
58948
49868
193503
47790
9040
157305
136165
226928
9436
182457
41489
159285
17720
90762
211869
236762
12734
54423
45064
209621
233987
142772
229223
83507
54621
5753
256046
48146
143056
102970
6865
232566
117675
111611
14003
235116
85096
257203
178190
93302
172102
90114
199039
122377
80110
178139
201611
217006
107234
26786
93483
238058
242513
45353
135067
125238
147417
116252
156106
90772
35111
160304
203308
149318
185123
250335
36860
54489
255482
163042
46485
205610
168483
257699
14105
7145
9722
182389
84632
244781
123756
168916
90656
219531
204112
256382
100025
187434
154420
257057
110972
109394
86399
164310
147619
245964
32023
184770
61376
182908
143391
78572
16362
219411
4579
10716
64355
101024
241389
125257
254338
151071
214530
24766
86427
227550
86369
104398
25553
211811
218170
37659
97719
76677
252747
225060
125868
224396
185507
60506
163211
6189
14340
103948
16644
76966
126139
8918
3239
192456
138145
243473
148098
49303
104972
251379
137935
135419
190975
124873
131775
217708
189052
6218
149135
212327
54714
52845
88419
122419
92504
130005
63343
121719
71940
242546
207587
45755
3860
53564
19323
137341
154672
84157
211653
230813
255868
53301
99736
226483
220911
128251
187344
231805
152679
65907
98134
53125
236955
199187
888
251563
92264
28782
75768
102146
210684
848
16254
86932
5086
154038
188023
50930
26124
245143
192688
170795
22874
156408
91552
25694
119982
176053
9698
89073
3967
24292
34378
256934
3194
245822
193720
50349
236182
95545
4237
177019
200767
100655
248236
86049
74674
122753
84246
170975
35505
146908
121213
117764
55621
119905
149193
202301
20759
135870
75992
96186
256337
72254
172757
71090
5472
192174
56445
14301
163871
92088
24886
213751
109106
45968
162252
171881
118274
49242
156843
49115
212816
74093
77855
127926
24390
98809
71724
225457
48649
139278
133461
100505
119445
130371
99930
244084
48672
134126
176212
188631
208335
70461
171091
28145
88455
215834
168737
248327
142209
111697
149774
176134
129282
75479
98849
178940
7655
123005
236514
149599
196844
167870
196705
100990
131577
13511
229580
116847
204030
187264
234707
121617
20194
70153
21000
104581
136758
65733
224724
164650
114788
83669
43744
10813
199175
181557
46548
57983
188314
8007
38512
207260
177430
167408
57966
187959
72397
95156
90519
184084
147514
47673
109545
7663
227576
6863
3632
107180
46812
208890
41984
7301
27243
207213
130299
113522
104317
105189
248233
225760
192354
254337
48979
132107
219731
203663
138649
132979
47037
110866
147320
164862
131127
248316
84033
48741
29605
173216
111007
83544
205372
156293
145188
29266
209069
256163
71580
11820
186580
189102
155646
255830
234021
191767
142065
72815
103979
92424
28290
133186
75653
238636
177799
24605
121199
209911
239351
215038
177884
95335
93975
53526
119286
207218
190040
138310
191977
99511
173182
125456
54443
143966
256975
180692
161157
160909
5137
192422
78330
166410
243754
222450
250740
157518
100220
105057
92953
246557
27806
129919
151090
174150
162954
203217
68275
137067
201022
26106
111758
184393
174758
89919
220735
163838
226446
238713
77966
71322
58940
70758
123540
193679
200675
218228
248255
49801
256878
29572
22194
85895
205043
30565
66659
23015
110872
194158
200644
30449
982
72689
131853
103454
174913
64387
246933
137790
208562
182014
177091
126560
65146
48487
158159
6819
94744
34429
39495
139358
230043
43108
226213
