89812
102865
258152
82630
187087
8623
137344
19399
51223
245864
13599
253921
43201
155012
141806
188955
264241
52953
109049
184364
82024
129128
184949
219326
237822
109334
111136
163751
118646
205274
165301
116723
260577
179040
17368
138942
219270
249310
61290
30565
97765
208611
38921
127127
19658
101189
261064
265179
59898
206070
268305
170620
113134
121208
220689
68810
28307
193479
19828
186511
127930
151255
240691
156946
7321
187341
268442
226599
139175
159965
86237
74086
259013
160333
182669
197740
95816
206361
127053
170348
185633
236785
66547
29847
38142
93827
90794
260811
131089
154219
131954
79174
71799
148438
148624
212016
10781
23929
151543
252817
14719
68093
135182
251740
49039
248241
186570
34888
54527
206371
63450
240951
26569
198390
97325
180435
42937
17690
75170
142438
201163
115778
15052
47558
60040
79720
180669
247369
175514
184581
2655
128880
40278
105322
63988
27000
210852
240578
24617
95346
182065
219503
160707
109143
47056
56908
241525
3517
75348
110329
96826
200092
139695
227330
59900
173937
226439
205716
41057
85890
80465
47148
91082
61393
265986
85328
35452
42594
15111
256581
258471
247056
86286
38697
231139
50323
180329
39605
240323
175530
38230
8374
151346
252121
258742
23524
220090
132229
35114
130251
2712
13225
233446
29498
244169
130024
47620
175097
150030
243563
200420
65988
128409
142984
209784
105512
234793
266288
185318
140306
108520
160641
133962
80109
240347
262327
51366
27724
246221
41908
128332
230066
180946
200004
66621
242159
25397
17506
179657
158917
160173
86323
155318
66471
6703
263422
168167
103632
8490
63051
79347
58984
121114
203790
15002
198097
230983
189166
105693
114138
208680
36290
1876
127490
255902
18664
182736
139076
15208
251239
91431
62693
28419
144924
237315
176228
186581
104963
36365
236616
246140
130406
65836
89056
99327
3721
100830
28448
161067
19315
78349
97427
98055
132906
195638
51757
3889
34757
24112
263480
252614
180972
170326
215602
173131
47924
62027
104329
72351
233000
1414
174708
94022
128439
217900
239010
88520
59261
114148
155801
221526
212587
235951
74242
242973
159218
162946
219360
202773
72525
241112
13069
38464
70488
223504
263964
208592
117773
71968
36624
117113
81136
59613
183851
169283
257983
76932
29696
186279
253622
131784
140632
3945
207495
100802
54384
84081
145230
172778
130611
186202
25806
233292
208606
262429
57029
21721
52314
84501
135260
29981
140687
146932
178760
31340
231499
97115
55367
198351
28514
105301
240055
168113
10998
672
184030
29739
186884
114750
42088
25777
129625
41715
162654
6058
46083
11757
77814
31391
242954
134265
104189
245390
105988
249879
261786
108155
220260
145164
197707
73704
12193
205586
164259
172004
216015
116856
169793
196392
55898
59913
231233
204344
139676
95198
37598
17846
132268
157363
52858
208812
258069
255767
118779
107447
230894
55455
159750
71041
91859
173161
102589
79111
205107
255994
127335
242068
111054
57360
38505
229705
97824
263734
231804
26224
190799
224788
119552
136533
160377
59774
104962
111176
228369
148406
192700
48362
197807
54783
13887
177337
117284
61204
140668
126731
192444
124224
33206
207818
55994
99697
233288
221196
5076
140773
195158
7069
194798
196062
6418
82888
87915
3701
205429
243937
266926
99995
5351
267585
118367
66027
247616
48826
24718
61183
73828
221220
261744
181342
82447
102786
183349
241568
149958
138135
152588
80187
104238
34144
46809
13996
113785
245902
203018
206250
240346
200633
212856
22730
97721
22157
62138
229962
216986
132581
162423
61782
2488
158331
161232
121420
80070
209154
11947
172443
3234
227448
48713
103137
251266
58238
61987
119856
212483
238079
241879
48629
188571
213058
243348
80236
213579
237798
101384
73429
65761
206335
137347
224246
264889
243486
71066
63191
203328
52113
139226
228652
108294
79655
154606
86562
93188
63557
147794
139714
148931
178636
226876
143869
38214
38738
31803
225905
46890
130409
236017
225462
173980
233620
101836
182622
112227
105573
260072
83686
148270
11388
180834
267656
18396
15722
264135
36211
115420
54691
69323
4845
218705
123391
37613
194995
21398
238990
36528
248760
228993
46306
4874
205289
180263
50521
203059
152062
201077
60960
45577
205623
253280
11944
253179
194532
241464
153434
36735
96192
35752
258773
122082
78666
268378
200703
262194
186013
99082
123312
53013
155539
165492
98733
227420
254387
169250
166041
211312
214972
129208
138626
109561
117792
39962
8373
235840
125309
128935
58211
3242
218572
148506
9840
57305
131599
75460
45688
252385
254529
26503
233563
165849
171373
122265
252712
21945
94147
185116
244839
246118
11411
244285
106576
98803
241652
267398
95769
35304
103702
118461
101302
163732
120427
100694
234632
149156
219503
251614
208236
157999
246075
263394
102689
41536
89560
54736
34083
105015
225994
22157
53807
38078
246252
85021
228983
197360
153321
109999
225407
130135
165360
157383
267870
112961
25001
195765
190039
130193
146501
130717
8380
208768
261634
214949
95037
163946
160715
264619
205755
65723
146577
258468
125726
210733
200906
78372
110080
213913
245399
249034
95902
34545
251320
106611
186108
232926
196457
86439
135417
34859
228663
38906
179226
235914
109697
136487
221310
118119
12179
151002
209927
132416
228222
179222
61368
59496
19824
196489
38809
250009
143721
25641
150847
10027
240413
86038
76437
214948
42926
183326
121543
252151
165695
228839
32463
256078
168789
109926
254988
72092
139839
251605
147110
258662
202034
83387
243999
250198
46265
237907
144797
165816
84282
266961
122187
164936
41803
70009
258177
37495
209680
11456
2684
111942
129458
188011
112587
34023
242247
78726
238750
11919
36860
116279
13989
47829
78980
59202
130604
154760
176721
169319
255764
32772
63983
94394
128369
115397
218086
209727
169716
242930
183285
68413
70823
89338
111496
151225
164318
82339
221288
49089
132590
82080
128265
258311
169445
9289
539
20928
82486
36268
112128
260223
60317
124523
101489
27907
111601
99055
266130
218292
99021
52713
233946
220739
11954
122067
137200
106689
7467
185970
126549
45579
39781
27432
156192
53729
17053
27428
38326
131093
209169
34051
124206
209457
26565
261511
247115
8173
176887
266095
231617
157022
30739
240193
22172
198706
231034
248356
129080
94407
18888
113555
181248
120010
4058
117085
217513
60178
55560
227844
211864
225535
91808
109534
11109
181281
70444
237641
117339
256710
37419
176574
259438
12835
183709
250866
538
196258
39099
237848
141210
194022
181217
115755
65181
101806
239247
29861
161496
67901
59604
123074
224586
158115
128050
114012
220106
86956
24909
101403
96326
193833
31975
4812
219786
163966
253982
227806
131005
102376
181394
88869
200724
4508
195075
119573
12180
44043
194748
106796
222602
132265
186257
150921
36825
43788
2822
47315
212484
155376
162064
147922
110569
109773
95298
218447
55100
2122
212903
50558
170438
216097
77463
238696
268968
253603
193937
44573
268150
219069
150080
52836
181718
3468
197324
28136
59755
240217
123863
145091
189173
54687
31863
243764
2315
233746
36847
185296
65606
60821
32542
37948
234867
57059
98799
89412
123237
202987
240300
192069
137759
48391
90277
225978
221784
257852
122657
126518
247002
186502
199801
81919
46916
107050
118608
267733
194328
232457
254898
300
191599
163244
165993
104582
198579
223548
5501
18603
78743
17900
159958
179336
60068
242093
186559
145345
45890
256921
104175
77404
183031
255672
127606
143313
54549
55401
116162
152124
265479
254679
171919
47336
44795
41630
229840
38795
81590
137706
75626
155098
193476
145779
2944
246288
189903
138448
134114
250016
209407
207310
98503
162198
91639
112390
109273
44010
234888
84145
154172
146891
25778
19096
206856
69316
249995
195203
230756
164446
148609
122240
223882
150074
27964
144001
24200
72280
205409
177026
179839
236737
129491
86253
117671
243249
252313
91742
111467
183743
165896
54454
185676
124566
63694
67619
149808
15514
181660
196992
201736
144272
250050
122468
245218
54189
93368
64018
59855
67073
42688
138795
129031
190389
148076
106847
255959
23733
235074
201117
75863
158438
119193
250179
157903
81315
47463
197558
91526
175428
2162
198142
205284
193547
188626
137862
150514
21727
79492
8276
203860
99564
16046
177473
6632
54155
187423
64174
133386
76052
58255
211525
6816
117377
166536
38990
216448
153550
127762
52478
82208
126223
220323
44135
203431
63792
33926
215601
113172
200098
120372
8591
125074
81975
195365
136748
90625
13503
233393
83368
128852
260406
697
161736
235714
28917
152229
4178
147700
183057
164553
174139
159061
210169
147920
144379
161747
139577
798
103700
261008
265380
31677
27516
162138
196405
35880
203350
231157
103955
254353
20100
256021
76237
263615
153490
146823
116408
38799
102471
159144
97289
100905
6749
103063
9236
139028
217985
199009
200083
138172
57356
223153
194689
195910
31866
97405
112861
117490
70527
180102
254424
169578
78231
260287
80776
260570
101543
92165
197123
107355
36808
44321
81737
80433
253665
224030
261159
172955
78241
44041
89146
65305
268145
111214
116374
138049
194702
51742
199662
65193
16427
89111
16125
31741
178841
156776
121282
50761
133976
55624
141555
77463
105844
239504
7878
9193
241075
97059
79012
74000
50648
59949
52555
49306
44909
23468
129800
221895
258218
261448
74823
118879
10120
71575
183612
12785
128836
88557
107657
195729
167234
237590
5761
39416
149458
159457
34115
149371
257039
219605
230334
36774
238335
74861
34269
117327
30236
24582
136219
35263
102776
74487
212177
214252
126530
249785
45194
50220
197521
192957
73392
78373
43693
43581
115378
113451
67304
229731
108081
15273
213692
264264
191645
88129
121776
249870
118336
230181
68092
27069
122889
214326
122152
99279
175759
180225
207302
217539
131743
173900
83027
67455
94349
163860
15604
217810
35635
1674
37736
147469
161845
193233
260356
80042
99570
133560
235834
213777
237490
94685
103374
60059
52492
17617
117293
252758
192724
83161
28989
259356
130664
131065
41198
178047
171791
223237
50380
265029
208497
2115
122735
54585
176482
48122
18961
242171
111919
58018
63735
29294
104088
190329
263889
128553
102966
190308
141693
202835
110353
55360
17798
200411
129049
159897
166945
50447
19984
48118
201051
72834
37217
138866
3768
249576
222571
249418
38164
40176
265609
87602
171786
228065
201537
260656
233085
247236
206838
202366
45201
204562
16923
189028
101968
49264
40769
161035
132246
236862
144591
256311
231559
264053
100329
213418
235284
205766
201869
101955
136584
38570
97277
120661
115719
14577
90005
186594
248955
54859
77105
238043
59763
45295
46684
124754
138015
172344
74642
115496
158563
38733
79925
152991
227094
213678
182909
14839
85961
54366
37457
252158
90477
209908
174360
108267
8976
216746
123833
262587
140693
184082
93238
87017
173304
214000
127996
214281
228467
107245
203196
209473
56031
80980
34421
123059
93729
77626
136743
2240
156013
207797
158689
99666
164374
158138
44072
259525
116213
97440
134131
185856
241230
50960
109583
170303
226450
158715
150822
268095
55599
203504
100725
185586
72634
104085
208941
172972
268737
246398
253254
26695
185466
170671
184774
178305
117065
36460
220529
49345
12555
30434
189120
259698
198479
14691
236331
135931
195065
18117
220011
138259
151950
266623
107461
33193
79580
243479
62756
183459
190400
78074
226730
130943
29381
233778
226398
9422
253189
219491
228951
89525
193676
235436
32820
204182
209084
260295
80364
69047
252847
177980
256733
260855
101607
72840
152614
197775
125247
81716
215816
8930
134965
225527
70626
34199
127033
159123
31793
262154
236336
45901
244130
169665
54507
174167
90874
183203
174242
70261
162208
5380
72587
244363
105359
152817
149838
35273
180807
137175
163157
214632
166657
80973
169149
152589
39237
187660
31005
26170
82779
169006
69532
203493
151244
34632
18856
176139
107787
60904
28610
6840
141811
42021
185538
177982
243131
79442
256813
103436
93230
156256
124229
23831
88780
92739
207988
59728
28195
188476
90190
31272
2042
6563
132573
57036
209473
227056
6529
76796
2827
123058
141468
45713
241666
111164
196906
29378
163585
77119
97681
100764
38161
119651
215568
66983
69256
1677
12126
223451
119338
31149
196599
27299
230800
197315
49980
263456
113057
41092
187682
10048
256926
196533
76299
63992
34441
59511
71732
89454
207725
150507
15563
208491
114142
258331
74583
188279
16250
67474
16045
252514
59351
172440
41842
189157
198938
11448
83704
210116
202223
133793
174043
232336
231976
27
208406
227481
48478
122642
243480
60614
97635
167554
70569
51474
67443
95609
17060
68792
230118
230102
200413
246854
209724
89521
204097
43298
72932
92277
153252
227250
258912
198506
139231
200338
99258
67790
82990
151755
235078
73337
210540
156930
178488
266426
22575
238504
12778
204387
69775
124876
96278
262588
238915
14888
238480
222774
92812
248337
85775
102184
14673
16565
162861
173258
159658
67174
35455
163184
105896
70826
21290
24320
209243
24293
72395
261840
188284
69242
5107
204535
102078
46193
47779
52401
240704
104808
9044
39781
87341
29667
82039
245986
262274
30869
136471
263102
123318
158804
264812
74167
43140
32512
14108
226706
185865
256696
177574
185884
213251
34070
106708
77430
3439
107978
17019
171575
255175
7195
109169
79139
231989
255169
71766
111039
108357
113826
217982
265198
167453
108559
111021
175399
119409
40171
145997
207538
194248
127845
7648
192849
103797
130132
38343
136516
249918
95789
224672
197605
166275
234773
226041
84137
222500
19084
211617
187143
177615
89180
181409
23539
236391
238512
76679
45421
51508
216062
65613
57126
137163
186744
34013
166868
187269
104551
44044
25349
199039
127448
70721
83284
25269
119316
130049
238732
173805
222969
20548
188840
155077
175133
113459
81809
196774
70646
15035
250845
85961
123225
2595
199995
3870
18771
50879
231530
43983
17289
70795
66295
77570
56270
128063
25313
146960
166568
45822
257687
127608
199337
42680
189002
113033
166928
104205
94030
53591
16566
35065
204056
43092
155743
186438
190893
218383
143072
60282
177320
41530
128032
268033
215722
265536
15567
212159
132190
147003
90848
57932
103854
46730
104529
119819
70463
165770
262343
15657
70238
163562
86768
27795
252142
52159
195572
105894
155061
7705
43763
205724
204419
86586
68491
11181
125992
208826
260261
69809
21612
197158
94743
209297
240059
266752
164907
124144
131654
126353
233476
42560
214405
219764
232993
70127
228011
40569
9911
98782
119036
175012
56061
51931
178832
22243
182238
36039
243529
204461
219316
224894
229449
225766
233837
58280
76957
121358
47270
153046
93726
114332
106322
52446
17194
161000
141406
140647
135661
46754
101601
16544
218428
81140
1915
165223
133381
201380
179476
20583
25987
103582
3572
244273
145096
80236
85157
204769
136639
134764
76251
149668
9150
188781
155070
256345
205171
141208
1553
22725
19938
11430
192204
137711
69848
66371
145832
258315
23780
160547
191026
200399
205432
225307
260464
263593
121847
73925
155421
62035
26917
49919
168927
38379
5122
102042
2523
144974
235006
198733
102874
245184
143787
91390
115047
45801
121887
15797
79256
216831
127047
244085
102266
39893
222668
189689
56574
147284
65804
47092
235200
98869
188300
4304
188070
261200
50504
54403
264113
216026
43049
85577
38585
175331
88967
149870
64221
242345
61073
61274
216127
46810
106364
215295
78691
75221
145726
99928
210424
231813
152958
122335
141750
159057
247393
135631
58219
82470
11736
95998
47236
61684
4630
236164
159335
11646
223374
114480
163652
80635
157354
171447
8905
153183
26611
37182
231264
137048
197315
141126
65008
144202
189340
110939
122109
231048
14949
134390
221167
18665
173700
169531
194709
127221
188656
129563
21415
79989
172890
204504
156391
29198
169052
1369
22101
80207
111605
246443
34381
172845
31313
81273
64524
138173
22571
208451
95177
79956
23030
260225
192607
139528
83416
258079
256466
187578
79079
170518
214556
158760
55891
110876
136600
24629
76483
74111
247979
71150
239441
89256
207074
32278
24647
59579
249970
238918
140781
29753
114096
109432
132056
57093
215967
231971
94823
164909
184861
208180
172379
262436
186713
223032
2690
258536
118109
127099
149761
104427
13662
242318
172602
171789
144643
105869
226363
173512
129719
157158
213945
248081
186985
64473
76534
100781
74566
205269
44118
118323
15035
249249
169980
223081
129362
259423
1191
188844
80807
116005
33452
162736
39465
265494
247220
225253
10959
179408
12818
31434
59959
227131
90436
145129
71437
185563
216799
217774
103846
135795
256249
177421
217614
155303
208867
31044
137986
104352
265230
143010
232397
245753
173545
9864
135839
77588
78537
250196
208806
97417
158211
5484
180744
187953
157483
263315
213357
115189
50014
131413
215107
258332
236856
138462
253693
37137
54561
208522
192985
28731
75368
194527
154238
37996
131054
251665
228598
94236
203785
224930
30794
170096
126552
58286
126953
163403
119978
95706
164836
260906
162961
211079
267670
17265
119831
39252
124964
206562
25272
168488
121294
57825
148770
1596
195736
187165
179295
160703
208894
111517
67511
190951
85726
25109
130997
202877
235531
131430
176199
261598
260733
138021
27613
128043
179262
202734
127003
84928
86644
242766
65416
83467
89504
185604
158048
123686
215197
220714
141627
252119
106587
138873
81328
142969
58167
93440
39853
1440
15973
42728
227943
101810
251137
19628
135357
263367
26633
27758
17103
54723
256977
28181
1033
108174
26482
176174
140619
116580
237299
60575
36979
259167
228467
161905
56281
196063
113188
66598
80996
132845
88180
229487
225726
10202
248136
257
117856
143592
189939
24488
236321
22407
244568
100626
49477
263573
44687
43534
34499
238847
258724
258429
56975
199561
239995
152492
249054
265201
34060
44227
244838
59434
73562
235215
263761
74769
85021
44870
204354
134862
92014
149334
58938
107821
78187
206177
234363
113097
205208
247022
252679
117658
121555
28460
52005
202304
133194
100871
64466
241113
252282
254738
205157
132920
165635
268710
107844
79725
153465
7798
107665
57796
116577
194918
202245
11919
131136
169347
156943
156231
131232
11687
106532
74490
237240
259293
225853
49602
42763
105330
213464
166129
212799
109548
131899
197456
167538
161806
14891
199051
30144
165242
68043
31630
25537
240479
230182
128061
238590
246605
102937
126492
93400
100543
109972
99848
239012
99607
70029
57171
60308
97656
33941
154049
157466
161831
139365
224968
17535
234089
174926
49756
21258
125265
187875
173385
83076
56674
196568
67275
265990
96204
98026
215212
186854
6604
56855
260903
254411
181378
167770
21255
6436
125325
118069
15571
58532
69261
131666
206399
258434
239191
216560
31203
92340
157676
29791
15431
892
154330
181897
240052
115393
2531
64858
231170
178384
170319
132235
7067
175275
184354
12132
86086
260970
43772
44483
251566
89593
145960
115203
254064
138665
60228
253638
197883
241454
250852
174421
124662
137918
3426
98746
15016
266010
160683
158394
36010
41489
71267
162595
13775
232786
180568
79630
153349
156528
103475
106710
230223
142941
162106
251818
123182
55367
265389
198144
110284
14249
259493
55897
29141
95642
21181
171658
109019
16987
54069
112885
188394
193003
155220
198404
78036
265085
201523
267850
268523
214199
65094
198222
146487
2849
112820
113366
242351
68691
150831
166303
137179
127285
140157
81498
179228
190958
52746
148371
78737
43523
26951
125473
105101
216460
201589
264309
237455
239652
161835
243315
54029
223271
153686
58281
53988
32341
124194
14251
13520
181912
144599
66214
263949
234597
129041
13376
48672
110261
109986
213188
177175
22800
113434
180817
18955
138815
214100
93247
192918
62221
41359
236610
104957
5294
70721
116773
171453
78631
128179
116994
160489
159056
184021
36383
168413
129860
180278
234617
133994
11658
208797
237798
134287
149024
89463
191227
96448
142800
148193
12361
222969
202334
256630
214376
146314
204368
80195
243131
59824
256557
18142
187338
109749
149228
251365
228699
9539
239152
56379
129690
18244
249642
199243
68593
101802
99486
28676
132931
109502
170354
76119
107790
218646
144947
134666
146858
178286
225654
126225
209034
99618
181586
97296
103740
244835
68877
147609
8250
149754
137019
93317
29548
229429
155876
36110
132760
91537
170463
94324
197194
97597
151175
23752
180241
168093
105896
6492
145257
8376
91934
31914
206482
61752
218471
227940
155608
229428
155104
81733
247024
236838
202128
64297
201789
129773
168850
195176
124770
122052
176764
12636
124136
193109
55666
51300
230409
231652
74703
254440
140233
190555
214917
164883
47462
27579
264820
142611
17780
168207
56233
182421
229195
30540
105533
20674
167178
216698
103621
251763
99667
128979
94764
10143
167304
245166
38841
79600
17149
192913
50147
9050
231959
22787
258061
29937
193179
248571
110277
29021
191091
214409
177009
251502
136141
93004
58841
48716
100606
29449
66465
148689
38201
112585
44379
217269
145155
191864
226301
150404
165313
21351
214998
70539
28184
29709
25686
179284
87214
117195
94582
261988
26208
24493
16576
82630
190271
122792
140382
251968
185909
159128
50270
114603
42120
49240
125932
262845
243044
118995
219798
168061
182629
39524
89491
217171
73212
104222
46281
21095
113973
199458
121123
7121
90674
49513
12546
147186
58565
223607
72073
82816
191366
259295
265490
183971
18298
230683
250845
36525
180421
124003
43943
224370
80094
247099
89068
244333
8816
47681
128750
110288
239058
226403
21381
249870
17979
48449
165493
152920
181295
253897
51457
83659
233475
74150
142176
96386
258839
159061
98196
109756
254110
185187
106983
172618
216347
147126
89336
6547
261559
143151
56622
117523
22973
123036
119464
109778
235966
242395
103714
194626
188060
36796
100028
240647
89418
191437
159267
56242
122306
171617
247605
62258
101424
40140
176217
29988
259401
141021
66109
94347
225834
235786
138727
167751
189461
14716
192357
235738
81209
183615
21133
196658
175927
61022
191790
59601
51848
197808
158390
114148
261837
160911
80097
169285
254119
75544
222931
51373
201733
163550
183718
207192
12143
147611
70215
258950
261197
258501
212065
81057
257736
161458
75956
21394
97168
183832
14417
176818
44116
86678
109994
182405
105365
42354
149047
12441
166178
233896
85441
8599
163689
230310
187664
200269
63681
260716
111423
117852
84440
266168
114197
204769
192241
19481
34029
183659
14388
172886
158209
184101
72518
211542
9744
154267
135894
14512
191222
244915
250352
120473
173578
102211
126833
136488
14448
184608
132883
261987
141237
252240
127737
150905
25867
243640
90402
106723
114537
186720
98511
205021
137034
188630
222870
177702
8736
70774
266247
194460
156727
14706
64592
10704
129206
79624
87827
146950
70588
152935
5493
80849
253823
238103
77329
183336
247448
248624
140465
172946
22838
21926
128233
108820
16203
104341
192074
142036
35539
186377
258151
84922
159211
177187
139096
169921
242624
215554
253258
244980
121195
216830
161632
24904
122131
48434
183121
99563
44171
48138
161096
92532
257002
199277
130904
51019
125241
15251
113797
152579
35697
235660
246154
102020
121068
64235
193698
242951
127465
253242
250686
209882
56754
60220
174177
184654
95447
117073
234941
43612
50107
73481
115698
23545
185829
137574
233396
71635
213980
216675
53405
55265
100453
95470
118924
223509
127844
54898
167177
190367
203771
152654
152211
266160
79107
138989
131373
174840
241944
215144
163773
113749
244731
59001
258284
260851
148435
127031
95832
197114
19844
209311
68830
120685
142341
231312
78240
190167
204081
124039
92375
3868
154625
160337
238077
247131
32028
178602
219506
110531
177949
61485
167173
144968
61144
27906
244523
192632
98431
268652
156494
90530
18152
68094
115749
266468
182315
156108
218219
39340
48401
20202
255637
137389
36465
143463
190824
212285
168194
158883
174946
187358
240673
234796
126870
151805
114172
115756
204130
75904
58052
6524
173446
245442
4802
33085
159930
97405
195232
249815
148175
263147
139166
187061
14026
14377
38763
213160
4661
265982
152915
256422
101308
254093
90068
175383
10374
268873
252521
116334
248251
70081
231302
8596
133389
159224
120027
234097
186271
68487
157148
190465
223769
30433
172162
251130
12373
97002
264635
259525
248007
188381
49563
70801
246825
187213
18355
83670
49531
27547
268357
38664
212588
90310
152029
93568
180255
218671
66465
212606
201874
180173
42255
118593
152239
49315
142190
181474
264209
106713
143182
119689
71967
217939
63153
247178
96210
183156
125335
182027
198009
37739
143491
43882
264163
260439
130765
91996
161521
37570
127167
67556
192266
173435
197351
200077
210840
159599
8223
63463
256101
72856
44195
18018
246410
22068
151319
86520
3235
208988
47221
41728
101657
135750
152197
28851
70259
145020
211415
144421
235583
253686
70545
161563
140172
94922
236275
124669
216230
241431
24816
167599
250023
69029
164309
50889
134867
71639
144498
255793
237370
258601
82488
9862
245233
54835
47670
156888
8567
50204
126522
257332
223523
139784
247348
235493
179290
242078
264319
134371
55789
99125
88076
263374
254068
134016
2912
118697
160580
127079
32335
119987
150499
80702
240077
87036
233026
156120
123049
94954
143167
42979
203685
183216
66611
179139
37099
78390
114310
99977
84240
235199
79378
152871
220293
214798
253279
114292
136838
23932
153503
206507
75629
185269
58547
166889
226823
58526
115960
158167
177940
99919
196410
240828
98045
187745
194335
167755
192817
205685
111386
146793
131376
33199
130739
94137
259417
26008
4486
249011
76167
237117
132123
203077
268041
175908
28467
150503
27041
139668
71376
52201
146123
152502
240860
58355
208889
195919
66061
58262
235202
87957
156244
221886
26556
216208
11124
211206
167201
60185
31749
249791
134435
6737
260739
113450
77281
109493
241575
172055
124662
237070
94939
43975
147310
239207
35378
49648
202796
149266
128726
223187
156807
268522
35869
82714
6313
154543
83531
244554
130882
194128
78741
166019
39421
241332
195876
103645
259456
154101
267757
19003
183274
70173
176878
126455
59158
250849
237433
107054
202748
257333
77426
141752
125008
268860
49648
175243
143630
77027
127025
224478
8915
66676
222320
56826
72099
16758
41259
207054
232847
114423
96035
42195
229982
168968
171496
59175
176683
3598
50440
251279
54835
148636
28023
130431
135277
245240
43694
60149
213075
239613
110543
129775
192262
252326
89089
113649
40270
248309
168234
144570
125342
130368
66387
216920
34398
43302
12361
4279
259539
109724
51033
1963
116674
255277
194930
260009
70105
195197
254421
50228
214431
34914
52622
135669
114798
49738
266497
199262
162740
213278
2406
76247
208091
55607
178510
17925
169965
215907
152663
126251
74267
33997
163423
108044
145347
219116
100452
190333
71005
135517
96258
242971
141196
141369
127053
148641
12210
191120
185920
178628
14474
215058
234018
158103
111764
28022
94574
197266
155966
24443
171850
47872
246583
71914
65783
13565
193400
253576
41348
203081
56560
61679
234714
95038
186506
265422
203965
221095
254117
156501
13282
57820
48398
101613
225669
224909
34931
138915
129139
63127
100518
54756
61664
39111
31760
94052
87551
17536
62565
57548
164898
74387
100191
40025
135494
77760
125493
174861
229119
125924
267540
225571
111705
13528
18252
26034
122636
91962
97708
202559
48700
250973
230121
260081
266010
256886
87260
151762
182150
120029
209909
19947
87873
174339
212622
256689
86728
161904
122926
70633
26064
113035
170151
251530
147542
246018
193803
238306
33495
244999
243447
116746
125975
168915
201405
180956
139660
43119
155865
226083
192053
117695
140517
200219
23523
82473
98394
167218
85894
195810
20110
106118
30751
257268
163936
85867
183009
192074
129056
259601
240854
35714
3051
20512
208141
59384
199255
217072
153219
42176
149446
1519
80448
228986
94517
70383
120052
23379
113894
192211
117147
89316
245646
243968
62387
236303
201005
195465
245445
64991
17124
124251
41817
136889
45574
130812
228877
51760
139487
13271
114223
22235
181559
28904
40113
193320
213449
42593
243798
193352
14673
58375
112918
240279
254702
263861
115904
204910
174082
136136
123778
246183
16762
162130
160006
46215
238741
26441
200176
256253
228039
194775
71442
23531
123761
204844
10546
88322
170989
31704
177787
180967
260466
89219
123384
174621
104371
113540
151956
40141
216879
189265
119044
45766
184231
175399
157913
126826
184112
207051
202881
117947
157592
174719
102925
137308
203803
167512
119482
109365
252679
227460
112794
108326
164073
177388
266901
122899
5360
61634
168927
184777
96192
43496
235714
172461
115250
170759
234017
213553
181724
182215
155618
129439
174456
258087
213197
181000
2801
198018
124831
21200
104252
32352
158844
119654
52526
203192
170872
204471
95522
2408
8785
179381
121475
266054
186475
165080
103495
28218
55313
105924
111052
7156
179230
219001
5894
155472
77789
202593
55579
268140
57529
228402
36365
14575
94427
176619
166722
115165
163266
212008
131458
43864
262848
223425
266432
37163
76060
111549
40838
257305
108769
136944
84435
204706
194563
159470
123050
149924
39541
133580
192776
138148
175342
256520
59957
27758
65187
9593
158970
154426
184593
34434
29039
219652
78358
75430
257520
178456
124935
128282
190062
116091
147242
151240
236087
174834
247822
189544
46253
140522
162768
86718
39471
15605
37540
105179
52542
58607
189908
151875
40560
14274
212334
73703
123472
165547
174134
148677
183387
204113
62646
17138
31545
264763
129686
221446
50396
168921
266762
91242
39442
139665
57424
238864
175817
212487
122000
204446
157736
12130
141896
24514
50502
182261
265034
238303
63134
35979
33142
187449
88910
226210
197201
97602
64361
227876
103388
193347
251970
112285
129017
33667
33742
76692
251
99654
260016
226026
12160
221761
250580
265063
170705
251183
41035
175723
171088
114139
145029
191738
50225
133148
218037
189591
268781
54132
11601
99054
54735
212157
149536
55515
192844
247330
129979
143206
25933
52517
223171
161751
91201
246641
57268
173648
219473
10411
258443
123127
190027
20462
118972
196565
236051
77487
249449
114945
131417
92173
119966
38344
137496
168515
38946
168952
15837
215521
251585
65779
263141
170611
15427
242504
178066
115525
27129
256067
8808
88925
12718
264613
163915
93565
78851
117639
82472
183530
49582
215746
149766
100059
223996
75316
226377
56351
143450
223476
171816
95182
153445
60843
11566
96853
34102
221854
126294
76290
224781
103279
19300
218571
92868
242378
139850
47256
31475
60102
187925
47125
68211
252656
76614
56059
190506
191830
75474
207276
103743
190976
162018
17339
78099
207508
161892
151220
218937
182167
50263
157798
227087
70191
229226
45978
261847
69048
85541
15470
208335
174188
146255
121894
152030
86729
168984
108203
266542
164027
92556
219000
74536
9972
70974
96123
234584
91499
48106
226246
66290
149695
193650
126021
112608
220192
112229
101738
70541
192811
203259
216455
252183
154419
84342
202817
147164
50863
31533
208807
162260
143742
85399
137769
250953
134480
115935
188555
25250
36971
253486
68204
100006
247321
188644
123022
215324
193931
153967
261952
254684
27782
65072
190231
266408
221656
258349
18000
85684
6515
73341
116293
57994
149877
160983
257407
122244
124910
248025
179407
211630
170858
18197
581
162783
245031
223769
133305
53931
69499
121555
241178
122087
124328
222868
31398
127068
264850
120489
162892
125728
111594
195816
107816
242218
69595
156902
38708
44207
46529
213423
127118
20993
121704
249289
56752
211675
118229
215713
8664
112239
254682
181837
159684
264485
199815
49916
249942
40502
85364
3596
25499
26565
52468
126134
244633
140611
19274
95052
99035
23252
198613
34355
128871
113250
245990
234907
151282
45348
200901
258239
42751
236006
258299
91831
93522
122553
84857
53815
5241
214901
94899
82951
163134
123056
37039
87555
10900
104130
169122
244934
6170
70502
77724
253438
69839
256790
234448
208402
160923
222806
77774
172792
182502
244121
183513
36233
10811
141041
168536
191024
140797
148718
42624
181926
215192
139922
14969
226508
17676
106468
27697
54391
219286
221264
211905
210943
23363
1706
1122
158257
146254
2780
268211
134543
86853
13784
11902
169001
234529
234507
137246
86120
71141
146152
105187
44947
227538
68673
146313
28290
5348
145432
74675
34495
8011
153649
176451
229887
114988
177312
260156
67326
8215
40856
187595
206977
266612
114152
72543
81005
24620
268694
142381
207385
37657
24936
218550
60080
178445
190607
71080
3132
224503
22350
264995
136002
268412
101405
32223
66371
119720
232618
27481
156515
115880
10567
179075
164342
108035
123894
144914
205059
200315
251402
31692
95043
115446
243997
147498
198458
42643
29623
41095
265027
257913
127458
153755
139165
244197
51060
226441
253587
235988
112021
263423
248505
155343
123143
216094
265844
202729
118537
265850
148855
221241
213130
49618
17510
194501
163538
155417
264300
58731
239137
252574
196440
98654
119786
258128
175680
51774
141699
194286
3024
108688
128746
113948
21109
234277
36999
165844
231898
82740
55560
183953
258212
209852
67387
94326
268504
189758
108162
106737
26967
186520
95981
32532
188565
119211
148325
234871
117802
100387
94261
183729
104740
212851
206894
72441
103271
122229
147541
145771
78612
103138
161609
9117
61213
189748
252387
53107
125348
134837
217491
59787
173979
246282
83878
26159
77752
137804
106609
253344
247725
244814
56500
129806
241432
18497
183224
128673
147080
105181
97434
123314
158238
262399
46939
267740
59060
7224
227472
183236
128254
220289
248068
200045
239847
103589
246410
260607
260566
37504
199146
210879
58283
250981
180871
239420
44890
91558
161182
190397
227345
214781
142111
72309
8101
146410
140741
42209
59736
155275
210649
128277
189023
191968
190247
72855
39727
186589
105554
241140
59589
13613
207271
224260
203741
222423
254623
127143
207248
169887
12697
195150
87567
63240
262820
22852
29548
220726
